-0.00283411 -0.0398152 -0.0524798 -0.0451732 -0.0114037 -0.00413326 -0.00362545 -0.00222454 -0.00242655 2.06554e-05 -0.00286025 -0.0317713 -0.0440577 -0.0489188 -0.0566621 -0.0522206 -0.0632454 -0.0304203 -0.0363164 -0.0587767 -0.0811524 -0.121723 -0.130056 -0.138607 -0.128827 -0.113141 -0.0897825 -0.137769 -0.159149 -0.148726 -0.120067 -0.118743 -0.124969 -0.0892803 -0.123609 -0.136116 -0.138883 -0.124128 -0.139664 -0.107727 -0.106055 -0.105426 -0.111598 -0.121363 -0.0777091 -0.0687646 -0.0355019 0.0138897 0.00176761 0.00909627 -0.0190176 -0.0229444 -0.0345379 -0.00496665 -0.01792 0.00615041 0.0369735 0.00788254 -0.00411081 -0.0531312 -0.0856525 -0.0683829 -0.0719157 -0.0398809 -0.0569952 -0.0711506 -0.0893629 -0.0842518 -0.0608951 -0.00504601 0.0554402 0.0309756 0.0180414 0.00225626 -0.0342884 -0.00549705 -0.0244258 0.0087207 0.0164028 0.00824099 -0.00414871 -0.00185305 -0.0317058 -0.0804613 -0.0929575 -0.106526 -0.088506 -0.0936773 -0.117683 -0.0923227 -0.128645 -0.125702 -0.134641 -0.112066 -0.112361 -0.106739 -0.116109 -0.117608 -0.131807 -0.141492 -0.128944 -0.153677 -0.144074 -0.137849 -0.130595 -0.137369 -0.0977796 -0.0546436 -0.0353728 -0.0340514 -0.0513989 -0.0385503 -0.0473841 -0.0416943 -0.0514672 -0.0602913 -0.0512896 -0.049015 -0.0314653 -0.0316782 -0.0291558 -0.0161642 -0.026064 -0.0468355 -0.047294 -0.0651761 -0.0454647 -0.02332 
-0.0398152 -0.0947347 -0.0865998 -0.0522514 -0.0415718 0.0122688 0.0195688 0.0395953 0.0102482 -0.0193686 -0.0273886 -0.0313233 -0.0730742 -0.0997519 -0.109964 -0.0895448 -0.0828127 -0.102384 -0.100654 -0.131835 -0.16221 -0.214824 -0.261989 -0.237307 -0.222729 -0.194399 -0.174958 -0.227246 -0.276956 -0.234207 -0.210728 -0.194502 -0.179268 -0.187499 -0.198373 -0.24151 -0.245908 -0.253384 -0.245203 -0.250131 -0.256334 -0.228171 -0.201705 -0.211353 -0.174264 -0.140695 -0.0722549 -0.0135626 0.0312466 -0.0176471 -0.0277154 -0.06641 -0.031539 -0.021684 0.000811201 0.0334294 0.0417198 -0.00464532 -0.0544382 -0.103188 -0.136696 -0.17662 -0.144398 -0.142728 -0.10423 -0.168619 -0.170124 -0.167904 -0.114497 -0.0222754 0.0301432 0.0325914 0.045716 0.0293851 0.00453224 -0.0348178 -0.0168842 -0.0326233 0.0018142 -0.0133183 0.00895791 -0.0268351 -0.0824893 -0.154765 -0.189055 -0.188471 -0.159957 -0.202675 -0.236437 -0.218355 -0.210213 -0.244526 -0.226921 -0.210265 -0.191159 -0.197513 -0.176326 -0.189504 -0.235879 -0.2313 -0.249639 -0.256486 -0.240056 -0.230534 -0.243882 -0.243185 -0.201658 -0.131941 -0.0976996 -0.0985712 -0.0760312 -0.0731395 -0.0661323 -0.0689587 -0.0997495 -0.0952455 -0.103644 -0.0989367 -0.0703172 -0.0588638 -0.0543148 -0.00968038 -0.0536273 -0.0588245 -0.0797301 -0.0872088 -0.0631166 -0.0537938 
-0.0524798 -0.0865998 -0.0635741 -0.0324477 0.0104227 0.0643341 0.0889126 0.0798986 0.076428 0.0427585 -0.0152673 -0.0480621 -0.0832149 -0.109181 -0.130503 -0.120161 -0.121471 -0.123194 -0.153677 -0.186768 -0.230079 -0.286747 -0.318625 -0.326613 -0.297889 -0.293823 -0.268295 -0.316596 -0.341179 -0.284847 -0.242496 -0.222851 -0.239735 -0.251683 -0.298536 -0.368386 -0.441889 -0.432505 -0.447518 -0.425225 -0.385147 -0.358389 -0.317412 -0.291878 -0.260141 -0.198975 -0.109114 -0.0773387 -0.063214 -0.0653636 -0.0914228 -0.0667311 -0.0680742 -0.0433706 -0.03058 -0.0296162 -0.00856993 -0.0296491 -0.0898173 -0.167379 -0.228888 -0.280965 -0.284121 -0.255764 -0.262803 -0.26263 -0.264002 -0.25715 -0.189668 -0.105747 -0.0162998 0.0184062 0.0129443 0.00247745 -0.02462 -0.0486229 -0.0694755 -0.0579829 -0.0734545 -0.0603376 -0.0530029 -0.0783503 -0.10766 -0.203598 -0.256916 -0.271019 -0.301356 -0.330633 -0.349523 -0.381131 -0.412558 -0.38387 -0.389229 -0.325411 -0.268321 -0.231505 -0.217876 -0.235743 -0.277247 -0.31467 -0.36773 -0.377109 -0.32443 -0.321963 -0.31759 -0.318831 -0.247297 -0.192164 -0.167318 -0.123843 -0.113697 -0.0782046 -0.0849518 -0.111824 -0.125021 -0.12492 -0.130829 -0.112674 -0.0588203 -0.00377458 0.00908339 0.00774029 -0.00318442 -0.0292503 -0.0467942 -0.0750101 -0.0648061 -0.0424401 
-0.0451732 -0.0522514 -0.0324477 0.0217356 0.0793318 0.128799 0.146425 0.126961 0.121808 0.0919473 0.0124159 -0.0311449 -0.0680258 -0.126513 -0.13669 -0.15313 -0.180009 -0.180484 -0.221308 -0.269167 -0.291754 -0.323299 -0.374131 -0.378374 -0.377012 -0.36178 -0.356374 -0.376917 -0.388895 -0.339213 -0.284828 -0.260261 -0.290567 -0.33175 -0.38992 -0.473683 -0.578508 -0.5848 -0.571286 -0.553327 -0.527497 -0.444752 -0.388642 -0.353688 -0.336295 -0.276604 -0.168274 -0.13097 -0.0901104 -0.0919795 -0.0813695 -0.0656151 -0.0477136 -0.0528026 -0.0339493 -0.0294069 -0.0597009 -0.0891597 -0.148179 -0.219556 -0.288024 -0.385314 -0.4045 -0.439747 -0.417731 -0.4139 -0.356128 -0.322315 -0.248638 -0.164465 -0.0907383 -0.0258598 0.00731141 0.0292714 0.00455398 -0.0551395 -0.0607919 -0.0996947 -0.100713 -0.089926 -0.0761238 -0.114252 -0.159842 -0.249332 -0.296894 -0.318549 -0.378373 -0.414156 -0.468296 -0.509277 -0.533218 -0.510241 -0.493367 -0.4285 -0.356867 -0.300711 -0.276615 -0.290443 -0.332717 -0.383736 -0.451323 -0.437796 -0.388989 -0.370671 -0.384905 -0.358172 -0.308302 -0.254997 -0.222538 -0.193494 -0.174846 -0.130252 -0.113653 -0.119717 -0.146459 -0.174655 -0.129094 -0.0811794 -0.036779 0.0173902 0.0450695 0.0599878 0.0370595 0.0175278 0.0020771 -0.0296596 -0.0369033 -0.0248227 
-0.0114037 -0.0415718 0.0104227 0.0793318 0.117223 0.158209 0.147058 0.159744 0.15944 0.102335 0.0331685 -0.0166583 -0.0774342 -0.138434 -0.19209 -0.222236 -0.230956 -0.24353 -0.2788 -0.331884 -0.336428 -0.361254 -0.420411 -0.416247 -0.419459 -0.380835 -0.390572 -0.386908 -0.40057 -0.367898 -0.331452 -0.315536 -0.361124 -0.394909 -0.472047 -0.60571 -0.665481 -0.710831 -0.661691 -0.637542 -0.598371 -0.506666 -0.438276 -0.410496 -0.380284 -0.315006 -0.202836 -0.152184 -0.0978084 -0.0973787 -0.025809 -0.0580244 -0.0108097 -0.0490503 -0.0408514 -0.0417251 -0.102697 -0.151726 -0.2291 -0.313695 -0.390409 -0.50917 -0.550063 -0.627539 -0.549753 -0.586205 -0.501222 -0.421821 -0.346469 -0.243489 -0.162079 -0.067332 0.00434258 0.0288308 0.0323989 -0.0371583 -0.0233422 -0.10868 -0.0675469 -0.0905711 -0.0960552 -0.121437 -0.174931 -0.256585 -0.310912 -0.367032 -0.419386 -0.491991 -0.550029 -0.610834 -0.627138 -0.629921 -0.560007 -0.529228 -0.433341 -0.3637 -0.359707 -0.341909 -0.381488 -0.419468 -0.459002 -0.43687 -0.410437 -0.398426 -0.436225 -0.392102 -0.350474 -0.313528 -0.280701 -0.274192 -0.231414 -0.180607 -0.173791 -0.170293 -0.18011 -0.171287 -0.143852 -0.089159 -0.0178031 0.030736 0.0631367 0.0817191 0.0418349 0.059898 0.0521069 0.0167808 0.0160917 -0.022695 
-0.00413326 0.0122688 0.0643341 0.128799 0.158209 0.122275 0.1507 0.153481 0.147555 0.119716 0.0627864 -0.0156488 -0.0679213 -0.175264 -0.249458 -0.295375 -0.326242 -0.29833 -0.331451 -0.357278 -0.364283 -0.408346 -0.449819 -0.462068 -0.494514 -0.457498 -0.434487 -0.460405 -0.457654 -0.414705 -0.380768 -0.377208 -0.431732 -0.435633 -0.555631 -0.664286 -0.752416 -0.767709 -0.757275 -0.663534 -0.59675 -0.508929 -0.44938 -0.40225 -0.372393 -0.313254 -0.2396 -0.156597 -0.114385 -0.0661969 -0.0146012 0.00486323 -0.00433804 -0.0202035 -0.0429762 -0.0580135 -0.132862 -0.229644 -0.320663 -0.437183 -0.544494 -0.615464 -0.691706 -0.768147 -0.760389 -0.73913 -0.640912 -0.543814 -0.465114 -0.340303 -0.215222 -0.112113 -0.0239083 0.0281151 0.0277141 0.015117 -0.0124039 -0.0354266 -0.0322087 -0.0560976 -0.0988508 -0.112566 -0.164709 -0.227829 -0.296343 -0.355819 -0.430964 -0.513716 -0.602526 -0.65155 -0.734024 -0.6916 -0.64217 -0.554056 -0.488863 -0.433131 -0.436981 -0.419661 -0.44941 -0.474356 -0.51068 -0.496039 -0.45627 -0.474123 -0.49534 -0.424689 -0.371236 -0.335493 -0.333031 -0.325114 -0.311041 -0.249314 -0.25079 -0.248661 -0.190259 -0.174372 -0.145022 -0.0984131 -0.0119159 0.0509304 0.0661076 0.0496586 0.075879 0.0719296 0.0880269 0.0684428 0.03591 0.0104285 
-0.00362545 0.0195688 0.0889126 0.146425 0.147058 0.1507 0.138638 0.115842 0.119686 0.0817559 0.0510785 -0.00857555 -0.0978883 -0.193552 -0.299466 -0.372735 -0.360399 -0.387038 -0.379687 -0.392284 -0.42303 -0.438171 -0.510424 -0.538839 -0.579566 -0.541395 -0.531939 -0.521949 -0.547279 -0.503208 -0.489167 -0.460856 -0.483374 -0.502213 -0.588516 -0.702666 -0.734457 -0.750184 -0.729933 -0.664199 -0.598638 -0.506563 -0.45061 -0.384633 -0.371809 -0.324245 -0.25681 -0.20034 -0.0925573 -0.0445884 0.0356084 0.0401265 0.0516222 0.00839739 -0.00518278 -0.0623107 -0.188548 -0.326611 -0.468139 -0.580109 -0.662961 -0.764404 -0.837798 -0.949438 -0.90726 -0.919956 -0.808348 -0.687053 -0.569833 -0.432 -0.31378 -0.17374 -0.0479845 0.0318941 0.0886087 0.0488118 0.0589254 0.022988 0.0341077 -0.0292897 -0.0870243 -0.138768 -0.165687 -0.224207 -0.306048 -0.334581 -0.41561 -0.514543 -0.611175 -0.665018 -0.687486 -0.700718 -0.651204 -0.601852 -0.546697 -0.51424 -0.523057 -0.511368 -0.569311 -0.557555 -0.572836 -0.556405 -0.558976 -0.543716 -0.563174 -0.485963 -0.4272 -0.368745 -0.36231 -0.382848 -0.385143 -0.351867 -0.283963 -0.276135 -0.237822 -0.187209 -0.146752 -0.0846199 -0.0349768 -0.00270964 0.0473017 0.0370801 0.0480615 0.0913636 0.0891755 0.0765654 0.062885 0.0170194 
-0.00222454 0.0395953 0.0798986 0.126961 0.159744 0.153481 0.115842 0.0454962 0.0527257 0.0412302 -0.00702212 -0.0712737 -0.137486 -0.244299 -0.35138 -0.431234 -0.446008 -0.435773 -0.430053 -0.446319 -0.463947 -0.478826 -0.54697 -0.592235 -0.634789 -0.6077 -0.589619 -0.570279 -0.602667 -0.583408 -0.561561 -0.571005 -0.584721 -0.565811 -0.632409 -0.678131 -0.721168 -0.739483 -0.701209 -0.626469 -0.534368 -0.45435 -0.416783 -0.341374 -0.345587 -0.306948 -0.255844 -0.218727 -0.107828 -0.0310898 0.0265881 0.0580483 0.0812034 0.0365605 0.00734603 -0.0770856 -0.237651 -0.38478 -0.558176 -0.697227 -0.804448 -0.910715 -0.981289 -1.08283 -1.06147 -1.04137 -0.935113 -0.819715 -0.679737 -0.512527 -0.368824 -0.200341 -0.0746677 0.0331642 0.0988848 0.0669467 0.0892871 0.0594344 0.0448358 0.0028747 -0.0705398 -0.1167 -0.138828 -0.201193 -0.275284 -0.30676 -0.400471 -0.481718 -0.570251 -0.643633 -0.682632 -0.69846 -0.669997 -0.616707 -0.602504 -0.578384 -0.612196 -0.624268 -0.622394 -0.612052 -0.63037 -0.601081 -0.602638 -0.596263 -0.598793 -0.517032 -0.459875 -0.433427 -0.440036 -0.448168 -0.455447 -0.427858 -0.37619 -0.318777 -0.252467 -0.222419 -0.172779 -0.127728 -0.093207 -0.0459554 0.00825746 -0.00359399 0.0321137 0.0875092 0.0889235 0.0662977 0.0555066 0.0235612 
-0.00242655 0.0102482 0.076428 0.121808 0.15944 0.147555 0.119686 0.0527257 0.0318012 -0.0108673 -0.0302599 -0.0832982 -0.156778 -0.28157 -0.392227 -0.446203 -0.491172 -0.494654 -0.521791 -0.529017 -0.522111 -0.562366 -0.626097 -0.67148 -0.687992 -0.679189 -0.671355 -0.644776 -0.64601 -0.68589 -0.664924 -0.637647 -0.662499 -0.602644 -0.630246 -0.623476 -0.656327 -0.649721 -0.626464 -0.571914 -0.525447 -0.428401 -0.393699 -0.337648 -0.31124 -0.310473 -0.274944 -0.246017 -0.174413 -0.0443647 -0.000313035 0.0567875 0.0540766 0.0387536 -0.0274184 -0.151874 -0.32273 -0.480554 -0.625514 -0.7635 -0.872848 -0.961162 -1.0777 -1.16418 -1.17801 -1.11562 -1.00799 -0.872438 -0.731638 -0.589207 -0.436562 -0.282241 -0.14553 -0.00896425 0.0605705 0.0844747 0.0673635 0.0711612 0.0338065 -0.0086717 -0.0967507 -0.13579 -0.158229 -0.214561 -0.232784 -0.290949 -0.397286 -0.438336 -0.542114 -0.583829 -0.617993 -0.607229 -0.623879 -0.626823 -0.650937 -0.632114 -0.707022 -0.707725 -0.691347 -0.688218 -0.678993 -0.681371 -0.65721 -0.650296 -0.656425 -0.579175 -0.52947 -0.524408 -0.517543 -0.523817 -0.535516 -0.479216 -0.440651 -0.351507 -0.265724 -0.230811 -0.17347 -0.132603 -0.0895066 -0.0711086 -0.0171393 -0.0117219 0.0297532 0.0642659 0.0622635 0.0366318 0.0502714 -0.00154492 
2.06554e-05 -0.0193686 0.0427585 0.0919473 0.102335 0.119716 0.0817559 0.0412302 -0.0108673 -0.052716 -0.0457118 -0.121429 -0.207324 -0.318925 -0.44309 -0.504528 -0.562011 -0.589998 -0.584358 -0.629951 -0.620302 -0.625318 -0.698724 -0.675946 -0.689594 -0.676814 -0.656669 -0.612686 -0.634134 -0.671693 -0.66685 -0.629606 -0.644999 -0.593936 -0.577615 -0.567373 -0.590348 -0.598452 -0.549868 -0.513881 -0.507086 -0.397166 -0.335571 -0.333787 -0.314043 -0.316248 -0.294888 -0.281693 -0.182424 -0.106348 -0.0407614 -0.0194865 0.0104047 -0.0257988 -0.0860158 -0.226067 -0.399581 -0.566731 -0.665835 -0.798461 -0.914607 -1.04532 -1.12743 -1.22478 -1.18359 -1.16661 -1.04958 -0.931933 -0.769997 -0.624745 -0.486391 -0.367172 -0.209899 -0.0850381 0.0136797 0.0261624 0.0347537 -0.00640255 -0.00876968 -0.0551068 -0.0928008 -0.163058 -0.195074 -0.225709 -0.226578 -0.282728 -0.346036 -0.407485 -0.507219 -0.535293 -0.553608 -0.550729 -0.543464 -0.581555 -0.610282 -0.620049 -0.699703 -0.699666 -0.675096 -0.647097 -0.666279 -0.647183 -0.636137 -0.649604 -0.670612 -0.611883 -0.635295 -0.618898 -0.604669 -0.621837 -0.59732 -0.564019 -0.501922 -0.408976 -0.328159 -0.240975 -0.187101 -0.152905 -0.0930221 -0.0970571 -0.0634324 -0.0336549 -0.026577 0.036558 0.0098043 -0.0121816 0.0301731 -0.0168423 
-0.00286025 -0.0273886 -0.0152673 0.0124159 0.0331685 0.0627864 0.0510785 -0.00702212 -0.0302599 -0.0457118 -0.0886808 -0.17451 -0.29783 -0.386632 -0.50247 -0.579663 -0.625147 -0.638993 -0.666456 -0.711444 -0.704632 -0.710172 -0.726609 -0.709403 -0.665981 -0.643427 -0.604951 -0.602931 -0.620025 -0.639005 -0.658372 -0.623681 -0.618659 -0.568684 -0.536158 -0.539873 -0.543819 -0.527708 -0.496431 -0.457205 -0.4133 -0.382763 -0.33992 -0.3309 -0.323141 -0.322026 -0.316485 -0.307336 -0.264487 -0.192358 -0.141511 -0.10178 -0.0941935 -0.115972 -0.188725 -0.334177 -0.47584 -0.60967 -0.710563 -0.842575 -0.991384 -1.09723 -1.17801 -1.2118 -1.18886 -1.16056 -1.08971 -0.970917 -0.824261 -0.665047 -0.523767 -0.41395 -0.303004 -0.209135 -0.0969235 -0.0467242 -0.0695928 -0.0886112 -0.107176 -0.127097 -0.171404 -0.201396 -0.212862 -0.233894 -0.229283 -0.275423 -0.331908 -0.377983 -0.413812 -0.482501 -0.523535 -0.496572 -0.49941 -0.531392 -0.558206 -0.6052 -0.680435 -0.686395 -0.669449 -0.618756 -0.614851 -0.600395 -0.566905 -0.631443 -0.652731 -0.667689 -0.708303 -0.725037 -0.697975 -0.68473 -0.688993 -0.631457 -0.566388 -0.492887 -0.391484 -0.291348 -0.236776 -0.161287 -0.132545 -0.105732 -0.0895835 -0.117223 -0.0845944 -0.0382993 -0.0362986 -0.0451184 -0.0165773 0.00560857 
-0.0317713 -0.0313233 -0.0480621 -0.0311449 -0.0166583 -0.0156488 -0.00857555 -0.0712737 -0.0832982 -0.121429 -0.17451 -0.234466 -0.34087 -0.448727 -0.557428 -0.63325 -0.674744 -0.716488 -0.749711 -0.776918 -0.796844 -0.766222 -0.774267 -0.740746 -0.678403 -0.652206 -0.62771 -0.622769 -0.619357 -0.612073 -0.604283 -0.579722 -0.560305 -0.521272 -0.51794 -0.494883 -0.488455 -0.441728 -0.404222 -0.371573 -0.375331 -0.325741 -0.31043 -0.307858 -0.322291 -0.344955 -0.352089 -0.35508 -0.287292 -0.251541 -0.227917 -0.190659 -0.210884 -0.236064 -0.317973 -0.455296 -0.602862 -0.72732 -0.805491 -0.925919 -1.04838 -1.12687 -1.16544 -1.18681 -1.17404 -1.15775 -1.09717 -1.01843 -0.891199 -0.744843 -0.611573 -0.525864 -0.443579 -0.327393 -0.208644 -0.143606 -0.160267 -0.172261 -0.171627 -0.186321 -0.214302 -0.273255 -0.258893 -0.24634 -0.248223 -0.242175 -0.269217 -0.296492 -0.373153 -0.404912 -0.438382 -0.449045 -0.463256 -0.455273 -0.507623 -0.568443 -0.623758 -0.640352 -0.64514 -0.635617 -0.606507 -0.575813 -0.582007 -0.630902 -0.67573 -0.709856 -0.75545 -0.780075 -0.792926 -0.750122 -0.744794 -0.712028 -0.635827 -0.553795 -0.45363 -0.36328 -0.293698 -0.219445 -0.185417 -0.189723 -0.163216 -0.177411 -0.159176 -0.118454 -0.084608 -0.0643394 -0.0333383 -0.0124573 
-0.0440577 -0.0730742 -0.0832149 -0.0680258 -0.0774342 -0.0679213 -0.0978883 -0.137486 -0.156778 -0.207324 -0.29783 -0.34087 -0.414148 -0.518102 -0.624352 -0.703234 -0.741483 -0.757325 -0.794953 -0.829583 -0.839374 -0.824996 -0.796711 -0.731331 -0.694292 -0.647036 -0.646779 -0.640629 -0.618957 -0.589308 -0.566238 -0.563286 -0.518097 -0.504877 -0.479873 -0.471416 -0.402859 -0.369782 -0.310321 -0.277205 -0.268151 -0.27139 -0.288181 -0.281383 -0.292805 -0.348039 -0.342371 -0.368452 -0.317564 -0.334059 -0.282652 -0.317896 -0.308592 -0.376889 -0.462475 -0.590258 -0.74902 -0.850162 -0.95007 -1.03598 -1.13384 -1.23469 -1.20547 -1.21435 -1.12669 -1.18427 -1.16214 -1.11808 -1.00071 -0.831354 -0.737334 -0.646249 -0.571835 -0.463681 -0.324343 -0.288416 -0.236289 -0.26534 -0.204527 -0.244242 -0.260159 -0.289461 -0.255182 -0.251225 -0.231905 -0.224407 -0.230063 -0.236456 -0.273938 -0.324638 -0.350763 -0.413536 -0.408121 -0.438298 -0.455657 -0.54074 -0.577776 -0.606533 -0.625861 -0.622866 -0.60075 -0.583922 -0.591102 -0.6078 -0.686972 -0.733811 -0.777126 -0.831208 -0.843217 -0.822747 -0.794648 -0.744422 -0.709712 -0.62577 -0.5287 -0.451502 -0.380561 -0.327368 -0.286996 -0.245013 -0.258584 -0.240737 -0.223682 -0.177436 -0.134088 -0.0869547 -0.0451611 -0.0266875 
-0.0489188 -0.0997519 -0.109181 -0.126513 -0.138434 -0.175264 -0.193552 -0.244299 -0.28157 -0.318925 -0.386632 -0.448727 -0.518102 -0.598407 -0.693691 -0.75276 -0.807892 -0.788188 -0.831119 -0.857525 -0.851214 -0.838283 -0.793763 -0.768649 -0.729673 -0.713122 -0.665201 -0.659795 -0.639906 -0.610863 -0.561098 -0.532023 -0.513476 -0.441982 -0.415599 -0.367444 -0.29601 -0.241273 -0.177864 -0.155448 -0.160902 -0.197919 -0.221917 -0.254485 -0.267381 -0.296429 -0.313234 -0.320167 -0.309833 -0.315568 -0.346696 -0.38853 -0.406699 -0.451999 -0.566172 -0.722321 -0.87551 -0.988165 -1.09483 -1.1938 -1.26625 -1.2938 -1.27766 -1.24628 -1.2151 -1.22098 -1.21928 -1.19844 -1.12787 -0.989571 -0.856125 -0.754492 -0.665412 -0.534097 -0.414016 -0.353397 -0.325214 -0.302546 -0.251142 -0.230281 -0.2466 -0.249035 -0.231875 -0.218243 -0.195477 -0.196677 -0.164957 -0.167529 -0.174641 -0.202872 -0.245063 -0.282622 -0.331077 -0.37448 -0.419493 -0.478145 -0.555807 -0.593566 -0.625211 -0.645257 -0.619952 -0.624612 -0.603094 -0.644259 -0.68852 -0.752693 -0.771295 -0.8211 -0.877495 -0.858671 -0.850502 -0.788975 -0.750059 -0.672303 -0.604806 -0.536222 -0.492611 -0.456596 -0.411895 -0.377496 -0.373457 -0.360706 -0.30317 -0.251141 -0.170881 -0.125214 -0.0586191 -0.0268821 
-0.0566621 -0.109964 -0.130503 -0.13669 -0.19209 -0.249458 -0.299466 -0.35138 -0.392227 -0.44309 -0.50247 -0.557428 -0.624352 -0.693691 -0.740788 -0.792594 -0.789297 -0.789473 -0.82554 -0.845068 -0.833122 -0.810208 -0.812995 -0.764243 -0.759406 -0.750047 -0.687155 -0.65921 -0.642868 -0.592019 -0.545413 -0.492914 -0.458282 -0.397466 -0.308511 -0.257634 -0.212864 -0.140874 -0.101694 -0.0772667 -0.127362 -0.121938 -0.171971 -0.215664 -0.215809 -0.236996 -0.239421 -0.266039 -0.28556 -0.307926 -0.358807 -0.420191 -0.486831 -0.551147 -0.675243 -0.841113 -1.00239 -1.14387 -1.23688 -1.32008 -1.38314 -1.42245 -1.40211 -1.36199 -1.33355 -1.32711 -1.32222 -1.31401 -1.23402 -1.11067 -0.981624 -0.881135 -0.746839 -0.5957 -0.500462 -0.440499 -0.38762 -0.309731 -0.247171 -0.226705 -0.196549 -0.18564 -0.177843 -0.182552 -0.161737 -0.155132 -0.163578 -0.122085 -0.140146 -0.134529 -0.164866 -0.178956 -0.221678 -0.297868 -0.351999 -0.423111 -0.499146 -0.558013 -0.608722 -0.608923 -0.633951 -0.648638 -0.639488 -0.672516 -0.71519 -0.720461 -0.752458 -0.779762 -0.839204 -0.848742 -0.832683 -0.807495 -0.757874 -0.743902 -0.699256 -0.655985 -0.609104 -0.565327 -0.539572 -0.498998 -0.462431 -0.434311 -0.38681 -0.300878 -0.199099 -0.130983 -0.0948652 -0.0308183 
-0.0522206 -0.0895448 -0.120161 -0.15313 -0.222236 -0.295375 -0.372735 -0.431234 -0.446203 -0.504528 -0.579663 -0.63325 -0.703234 -0.75276 -0.792594 -0.82926 -0.784072 -0.780554 -0.796022 -0.807613 -0.814955 -0.789112 -0.787983 -0.768078 -0.761765 -0.739183 -0.683963 -0.626179 -0.618395 -0.538655 -0.47562 -0.436874 -0.389431 -0.315209 -0.222519 -0.190972 -0.13835 -0.0792743 -0.0172371 -0.0185083 -0.0620003 -0.0933209 -0.149824 -0.19129 -0.200949 -0.176933 -0.203047 -0.256068 -0.275071 -0.298506 -0.344474 -0.449056 -0.516139 -0.627007 -0.762538 -0.933677 -1.10903 -1.23995 -1.35988 -1.44811 -1.51275 -1.56069 -1.54666 -1.50503 -1.4505 -1.46135 -1.45399 -1.41708 -1.34557 -1.22101 -1.08802 -0.949957 -0.804647 -0.657704 -0.548576 -0.499389 -0.408892 -0.346752 -0.263873 -0.220351 -0.191719 -0.157993 -0.146448 -0.136952 -0.141124 -0.139362 -0.150235 -0.121577 -0.0697882 -0.0684873 -0.0909768 -0.114956 -0.14312 -0.237407 -0.284719 -0.340902 -0.431163 -0.500481 -0.525098 -0.533715 -0.613907 -0.632512 -0.643698 -0.6714 -0.714181 -0.720778 -0.712351 -0.740477 -0.808034 -0.817363 -0.812463 -0.799938 -0.776719 -0.814469 -0.77793 -0.724987 -0.69546 -0.636214 -0.604655 -0.573683 -0.528217 -0.489332 -0.419226 -0.323678 -0.208847 -0.126945 -0.0888906 -0.0268036 
-0.0632454 -0.0828127 -0.121471 -0.180009 -0.230956 -0.326242 -0.360399 -0.446008 -0.491172 -0.562011 -0.625147 -0.674744 -0.741483 -0.807892 -0.789297 -0.784072 -0.789311 -0.7756 -0.802185 -0.783607 -0.775272 -0.754002 -0.737575 -0.749305 -0.722776 -0.691825 -0.620467 -0.596093 -0.539462 -0.478585 -0.416658 -0.359692 -0.297901 -0.229406 -0.157328 -0.108996 -0.11367 -0.0204899 0.0155209 0.0105231 -0.0497014 -0.0573921 -0.1304 -0.166885 -0.171383 -0.167571 -0.199905 -0.211265 -0.281992 -0.311862 -0.402066 -0.469892 -0.62289 -0.707705 -0.865632 -1.01467 -1.19997 -1.35091 -1.49884 -1.56262 -1.62887 -1.62381 -1.63038 -1.59294 -1.62726 -1.56016 -1.53224 -1.48146 -1.44429 -1.34427 -1.23355 -1.05688 -0.903173 -0.724318 -0.632631 -0.527429 -0.495907 -0.376541 -0.317598 -0.235155 -0.186661 -0.123933 -0.130187 -0.129179 -0.136755 -0.128652 -0.14025 -0.076094 -0.0628495 -0.016906 -0.0449789 -0.0660654 -0.13261 -0.157537 -0.212613 -0.274868 -0.344331 -0.41984 -0.450149 -0.467691 -0.513152 -0.582776 -0.588256 -0.635051 -0.674087 -0.694027 -0.691129 -0.701979 -0.758125 -0.790718 -0.824238 -0.798114 -0.784764 -0.808048 -0.805233 -0.801427 -0.747351 -0.686502 -0.630261 -0.609747 -0.553219 -0.493922 -0.39149 -0.339149 -0.229523 -0.14106 -0.0878386 -0.0413604 
-0.0304203 -0.102384 -0.123194 -0.180484 -0.24353 -0.29833 -0.387038 -0.435773 -0.494654 -0.589998 -0.638993 -0.716488 -0.757325 -0.788188 -0.789473 -0.780554 -0.7756 -0.799811 -0.810981 -0.793725 -0.759382 -0.71519 -0.718369 -0.727529 -0.699031 -0.639771 -0.597065 -0.548981 -0.474982 -0.411167 -0.345404 -0.290649 -0.220922 -0.142978 -0.098714 -0.0756366 -0.0598042 0.0243264 0.036009 0.0337479 -0.0236762 -0.0407233 -0.0867188 -0.114736 -0.125609 -0.165503 -0.182786 -0.235503 -0.293959 -0.339547 -0.423946 -0.509509 -0.675792 -0.789431 -0.918226 -1.06566 -1.24032 -1.42027 -1.5512 -1.62764 -1.66846 -1.69321 -1.68804 -1.66259 -1.67192 -1.63208 -1.59738 -1.55498 -1.47829 -1.4064 -1.29214 -1.13616 -0.966482 -0.793828 -0.680816 -0.580436 -0.535025 -0.421301 -0.324249 -0.24853 -0.199405 -0.163501 -0.0982565 -0.0999761 -0.105237 -0.0892253 -0.086834 -0.0413086 -0.0435208 0.00682437 -0.000125466 -0.0364807 -0.105835 -0.118998 -0.138213 -0.194583 -0.270711 -0.331289 -0.379849 -0.427722 -0.450816 -0.503571 -0.564835 -0.594002 -0.645803 -0.656506 -0.657978 -0.677905 -0.736625 -0.800047 -0.828938 -0.820096 -0.802134 -0.824032 -0.834712 -0.823046 -0.774863 -0.73534 -0.643305 -0.584551 -0.520939 -0.466342 -0.416352 -0.321336 -0.244764 -0.172912 -0.0931126 -0.0732717 
-0.0363164 -0.100654 -0.153677 -0.221308 -0.2788 -0.331451 -0.379687 -0.430053 -0.521791 -0.584358 -0.666456 -0.749711 -0.794953 -0.831119 -0.82554 -0.796022 -0.802185 -0.810981 -0.812271 -0.776735 -0.715504 -0.695536 -0.666638 -0.666014 -0.606682 -0.562465 -0.528339 -0.486114 -0.411871 -0.301084 -0.243933 -0.225434 -0.163512 -0.0991322 -0.0735258 -0.0107294 0.0294941 0.0647424 0.0874309 0.067966 0.0421211 -0.0218457 -0.0331778 -0.0774046 -0.132589 -0.166097 -0.195336 -0.206954 -0.301929 -0.363767 -0.462677 -0.532512 -0.652488 -0.792542 -0.912353 -1.05943 -1.23258 -1.40184 -1.55744 -1.65685 -1.72542 -1.75367 -1.78303 -1.77001 -1.77432 -1.71899 -1.68007 -1.59836 -1.50679 -1.39976 -1.26957 -1.11541 -0.958729 -0.815365 -0.695442 -0.600664 -0.532209 -0.438942 -0.37207 -0.258511 -0.229074 -0.155865 -0.102538 -0.0891828 -0.0777633 -0.0579473 -0.000865412 -0.00338734 0.0101556 0.0389596 0.0413219 0.00332902 -0.0454473 -0.0570093 -0.099894 -0.143878 -0.201268 -0.243379 -0.27477 -0.326488 -0.39326 -0.435811 -0.460058 -0.515157 -0.550654 -0.603705 -0.603976 -0.642743 -0.728567 -0.811956 -0.847287 -0.859489 -0.854852 -0.849408 -0.867811 -0.872328 -0.82664 -0.742047 -0.667338 -0.582104 -0.511042 -0.461726 -0.408631 -0.341879 -0.272707 -0.193358 -0.118903 -0.0653765 
-0.0587767 -0.131835 -0.186768 -0.269167 -0.331884 -0.357278 -0.392284 -0.446319 -0.529017 -0.629951 -0.711444 -0.776918 -0.829583 -0.857525 -0.845068 -0.807613 -0.783607 -0.793725 -0.776735 -0.736935 -0.693314 -0.677621 -0.637678 -0.619542 -0.561757 -0.504658 -0.448929 -0.413828 -0.338136 -0.263607 -0.20708 -0.163518 -0.135941 -0.0874341 -0.0478789 0.0103548 0.0495593 0.105893 0.146349 0.127024 0.0739968 0.0413561 -0.0130847 -0.0792681 -0.109204 -0.127652 -0.154495 -0.16247 -0.283307 -0.337743 -0.456384 -0.511618 -0.662587 -0.751444 -0.88757 -1.04231 -1.19904 -1.39445 -1.55758 -1.67208 -1.74687 -1.75441 -1.83805 -1.82827 -1.88688 -1.77128 -1.71957 -1.61618 -1.50877 -1.40606 -1.25374 -1.09009 -0.920106 -0.779034 -0.694055 -0.568702 -0.539881 -0.402137 -0.347231 -0.250581 -0.211264 -0.133246 -0.0949926 -0.063546 -0.0517858 -0.0311471 0.0289358 0.0677821 0.0458748 0.0707219 0.0793844 0.0288582 -0.027086 -0.0349217 -0.0819306 -0.105114 -0.144361 -0.177126 -0.221264 -0.26819 -0.305379 -0.374228 -0.397219 -0.444949 -0.517028 -0.573947 -0.574849 -0.601732 -0.660211 -0.769935 -0.830148 -0.861615 -0.874348 -0.886255 -0.908279 -0.927735 -0.877434 -0.774175 -0.706877 -0.628635 -0.514499 -0.460436 -0.421304 -0.372751 -0.310196 -0.219706 -0.13821 -0.0720409 
-0.0811524 -0.16221 -0.230079 -0.291754 -0.336428 -0.364283 -0.42303 -0.463947 -0.522111 -0.620302 -0.704632 -0.796844 -0.839374 -0.851214 -0.833122 -0.814955 -0.775272 -0.759382 -0.715504 -0.693314 -0.667557 -0.618865 -0.608246 -0.595373 -0.519808 -0.439749 -0.40145 -0.36955 -0.328955 -0.265332 -0.197048 -0.200328 -0.1588 -0.101038 -0.0546113 -0.00764595 0.03189 0.108912 0.152596 0.17478 0.115954 0.0851431 0.0411768 -0.018207 -0.0693491 -0.0681144 -0.123898 -0.1732 -0.269821 -0.349231 -0.449186 -0.513933 -0.6393 -0.733131 -0.865196 -1.02542 -1.22519 -1.38705 -1.53601 -1.64814 -1.73487 -1.77539 -1.8426 -1.84709 -1.86256 -1.79028 -1.7412 -1.63593 -1.51717 -1.38345 -1.24151 -1.07807 -0.924853 -0.759307 -0.665175 -0.570176 -0.501766 -0.388196 -0.339277 -0.259045 -0.186493 -0.115277 -0.0877522 -0.0324506 -0.0115492 0.0495472 0.0857315 0.0931454 0.0709692 0.0838027 0.030017 -0.00369953 -0.0293987 -0.0452539 -0.0779103 -0.102381 -0.134974 -0.197722 -0.204427 -0.228336 -0.276613 -0.314954 -0.365326 -0.403963 -0.470571 -0.530823 -0.543527 -0.550346 -0.603392 -0.702117 -0.788322 -0.86477 -0.883012 -0.925192 -0.927038 -0.930511 -0.897063 -0.810785 -0.704524 -0.614857 -0.52014 -0.480461 -0.445157 -0.374983 -0.331571 -0.245997 -0.158084 -0.0794858 
-0.121723 -0.214824 -0.286747 -0.323299 -0.361254 -0.408346 -0.438171 -0.478826 -0.562366 -0.625318 -0.710172 -0.766222 -0.824996 -0.838283 -0.810208 -0.789112 -0.754002 -0.71519 -0.695536 -0.677621 -0.618865 -0.584171 -0.545272 -0.52146 -0.425767 -0.372853 -0.346494 -0.336034 -0.312006 -0.280748 -0.248569 -0.214173 -0.14739 -0.136537 -0.0619621 -0.0183829 0.0742196 0.150579 0.194945 0.157424 0.141278 0.104019 0.0629769 -0.00777621 -0.0638863 -0.0917626 -0.160122 -0.215468 -0.306036 -0.39168 -0.451871 -0.528351 -0.605832 -0.686328 -0.827107 -1.00435 -1.20531 -1.36601 -1.55311 -1.6152 -1.68825 -1.75892 -1.8163 -1.84447 -1.86072 -1.79489 -1.72556 -1.59874 -1.47799 -1.35171 -1.25761 -1.05315 -0.891276 -0.749497 -0.626176 -0.538059 -0.481219 -0.420033 -0.377575 -0.312037 -0.218238 -0.133389 -0.123357 -0.0732297 -0.00667993 0.0736791 0.130053 0.116321 0.104072 0.0659537 0.0571822 0.00937281 -0.00491919 -0.0492758 -0.0893826 -0.143116 -0.144334 -0.195761 -0.212214 -0.214766 -0.235943 -0.256727 -0.278019 -0.364293 -0.404342 -0.450877 -0.480738 -0.546018 -0.58024 -0.671682 -0.766281 -0.823027 -0.86956 -0.917186 -0.940762 -0.939289 -0.891777 -0.794287 -0.722285 -0.616276 -0.56171 -0.519787 -0.453484 -0.423845 -0.374591 -0.286349 -0.212028 -0.103932 
-0.130056 -0.261989 -0.318625 -0.374131 -0.420411 -0.449819 -0.510424 -0.54697 -0.626097 -0.698724 -0.726609 -0.774267 -0.796711 -0.793763 -0.812995 -0.787983 -0.737575 -0.718369 -0.666638 -0.637678 -0.608246 -0.545272 -0.481258 -0.457107 -0.350548 -0.323978 -0.273792 -0.24847 -0.2375 -0.26265 -0.217215 -0.160515 -0.115022 -0.0910054 -0.0717598 0.0290606 0.105203 0.193205 0.197874 0.175399 0.150636 0.121629 0.0655784 0.0039968 -0.0535099 -0.0876042 -0.181334 -0.241992 -0.354206 -0.397636 -0.470064 -0.481339 -0.587231 -0.674283 -0.835651 -0.99388 -1.18522 -1.32322 -1.43876 -1.54087 -1.63497 -1.65215 -1.70851 -1.69099 -1.74292 -1.67275 -1.62727 -1.52929 -1.44755 -1.32086 -1.16087 -1.01298 -0.900356 -0.741565 -0.64733 -0.513217 -0.468936 -0.400396 -0.409711 -0.334347 -0.259525 -0.15977 -0.121936 -0.0473886 -0.000215279 0.0706543 0.13243 0.142315 0.10489 0.0965204 0.0764574 0.0634382 -0.00293395 0.000608162 -0.0512793 -0.0798615 -0.108776 -0.14594 -0.139153 -0.189733 -0.192335 -0.182154 -0.203439 -0.295307 -0.342799 -0.409185 -0.430098 -0.514359 -0.599067 -0.662487 -0.734978 -0.816894 -0.860835 -0.929859 -0.961533 -0.93145 -0.887517 -0.834932 -0.763637 -0.702142 -0.623569 -0.558044 -0.518564 -0.455966 -0.427043 -0.363123 -0.250723 -0.149892 
-0.138607 -0.237307 -0.326613 -0.378374 -0.416247 -0.462068 -0.538839 -0.592235 -0.67148 -0.675946 -0.709403 -0.740746 -0.731331 -0.768649 -0.764243 -0.768078 -0.749305 -0.727529 -0.666014 -0.619542 -0.595373 -0.52146 -0.457107 -0.410376 -0.358251 -0.27331 -0.230697 -0.187256 -0.2108 -0.202081 -0.166627 -0.0981013 -0.0251663 -0.0611347 -0.00574482 0.0800253 0.166228 0.184449 0.167573 0.1785 0.142498 0.0781949 0.0457318 0.00377448 -0.0382091 -0.118813 -0.177132 -0.265485 -0.378397 -0.440769 -0.469554 -0.528991 -0.573501 -0.680683 -0.794285 -0.946016 -1.10996 -1.26497 -1.34266 -1.40787 -1.44875 -1.51176 -1.55365 -1.56097 -1.54205 -1.54453 -1.49661 -1.40794 -1.30795 -1.21406 -1.08279 -0.987724 -0.856344 -0.73904 -0.624084 -0.535874 -0.471184 -0.458938 -0.418115 -0.369449 -0.289551 -0.190435 -0.0922392 -0.0312142 0.0232849 0.0473909 0.0906349 0.113105 0.108527 0.111143 0.104853 0.0821005 0.0697816 0.0335469 0.0325221 -0.016521 -0.0247074 -0.0726247 -0.117719 -0.137842 -0.174039 -0.140403 -0.186171 -0.246997 -0.325206 -0.407103 -0.463763 -0.503094 -0.583053 -0.666004 -0.73023 -0.814561 -0.868268 -0.919814 -0.912534 -0.916996 -0.867324 -0.820679 -0.787437 -0.698049 -0.664352 -0.586418 -0.512677 -0.466963 -0.430715 -0.365819 -0.283935 -0.118074 
-0.128827 -0.222729 -0.297889 -0.377012 -0.419459 -0.494514 -0.579566 -0.634789 -0.687992 -0.689594 -0.665981 -0.678403 -0.694292 -0.729673 -0.759406 -0.761765 -0.722776 -0.699031 -0.606682 -0.561757 -0.519808 -0.425767 -0.350548 -0.358251 -0.308891 -0.236864 -0.172019 -0.124954 -0.124139 -0.0827117 -0.054779 0.0022034 0.0256184 0.0469638 0.0821898 0.140813 0.191379 0.199237 0.18266 0.166587 0.116849 0.0589481 0.0320014 -0.0153547 -0.0948249 -0.131378 -0.259102 -0.283036 -0.374179 -0.435811 -0.487098 -0.531267 -0.576716 -0.667838 -0.773812 -0.888627 -1.02899 -1.12926 -1.25837 -1.29581 -1.34729 -1.38859 -1.4174 -1.42759 -1.44985 -1.40112 -1.36957 -1.30525 -1.23343 -1.11369 -1.01762 -0.885495 -0.796644 -0.706163 -0.617813 -0.553509 -0.495671 -0.468152 -0.453816 -0.368032 -0.319734 -0.225588 -0.175726 -0.0215501 0.0116341 0.0296588 0.0957434 0.103835 0.111409 0.125336 0.124801 0.133062 0.107455 0.103993 0.101349 0.0839266 0.0565617 0.0468924 -0.0239016 -0.0664461 -0.0823691 -0.0698885 -0.155893 -0.240861 -0.265376 -0.35378 -0.398995 -0.433965 -0.522532 -0.62652 -0.702615 -0.816484 -0.868091 -0.905219 -0.900911 -0.869508 -0.839289 -0.804627 -0.757297 -0.732834 -0.683119 -0.606493 -0.532278 -0.470748 -0.408242 -0.355775 -0.251363 -0.126785 
-0.113141 -0.194399 -0.293823 -0.36178 -0.380835 -0.457498 -0.541395 -0.6077 -0.679189 -0.676814 -0.643427 -0.652206 -0.647036 -0.713122 -0.750047 -0.739183 -0.691825 -0.639771 -0.562465 -0.504658 -0.439749 -0.372853 -0.323978 -0.27331 -0.236864 -0.194982 -0.108449 -0.0924548 -0.0351878 -0.00744955 -0.018468 0.0348905 0.110813 0.11146 0.125414 0.157238 0.154009 0.195132 0.176983 0.187464 0.126331 0.094105 0.0381969 0.00721655 -0.0504872 -0.13428 -0.213487 -0.263785 -0.369636 -0.396965 -0.485163 -0.51902 -0.607315 -0.623412 -0.722413 -0.824609 -0.932594 -1.01527 -1.11061 -1.16235 -1.19339 -1.21346 -1.27575 -1.26508 -1.33252 -1.24024 -1.21823 -1.16126 -1.08127 -1.01774 -0.928183 -0.821741 -0.751131 -0.639146 -0.602011 -0.525883 -0.532216 -0.451218 -0.409312 -0.329713 -0.281519 -0.20062 -0.134475 -0.0274706 0.0485179 0.0943789 0.0876746 0.118551 0.110362 0.146401 0.120894 0.132552 0.122353 0.155047 0.13157 0.114045 0.145266 0.0943481 0.0292523 -0.000745833 -0.00506599 -0.0197296 -0.0940154 -0.204951 -0.232544 -0.284545 -0.376165 -0.420483 -0.482038 -0.58669 -0.68096 -0.809099 -0.877575 -0.897913 -0.889632 -0.8656 -0.786178 -0.781466 -0.732839 -0.674974 -0.652616 -0.578997 -0.503501 -0.452125 -0.370597 -0.309825 -0.238446 -0.10953 
-0.0897825 -0.174958 -0.268295 -0.356374 -0.390572 -0.434487 -0.531939 -0.589619 -0.671355 -0.656669 -0.604951 -0.62771 -0.646779 -0.665201 -0.687155 -0.683963 -0.620467 -0.597065 -0.528339 -0.448929 -0.40145 -0.346494 -0.273792 -0.230697 -0.172019 -0.108449 -0.0356999 0.0412202 0.0354969 0.0341039 0.0464687 0.105272 0.167796 0.161751 0.164813 0.141925 0.159453 0.205248 0.182529 0.193048 0.193809 0.123716 0.0495035 -0.0129306 -0.082663 -0.133763 -0.19791 -0.250817 -0.311893 -0.366129 -0.45003 -0.533013 -0.529962 -0.613854 -0.686434 -0.755441 -0.895649 -0.933347 -0.997861 -1.02575 -1.0576 -1.1233 -1.14078 -1.17051 -1.14529 -1.14177 -1.11331 -1.0508 -0.981668 -0.914374 -0.886914 -0.800306 -0.712404 -0.591702 -0.543209 -0.525087 -0.444903 -0.447808 -0.380313 -0.278116 -0.237043 -0.17418 -0.129293 -0.0630236 0.0214202 0.103745 0.139063 0.137429 0.162036 0.159861 0.121442 0.146383 0.160554 0.161107 0.174283 0.165952 0.197749 0.168202 0.100531 0.077026 0.044918 0.0444196 -0.0434028 -0.141481 -0.205102 -0.2869 -0.324861 -0.390411 -0.478392 -0.55193 -0.659725 -0.803881 -0.847808 -0.857903 -0.842036 -0.811254 -0.767184 -0.746753 -0.693375 -0.645372 -0.627258 -0.550524 -0.499761 -0.427924 -0.359153 -0.285942 -0.174639 -0.080296 
-0.137769 -0.227246 -0.316596 -0.376917 -0.386908 -0.460405 -0.521949 -0.570279 -0.644776 -0.612686 -0.602931 -0.622769 -0.640629 -0.659795 -0.65921 -0.626179 -0.596093 -0.548981 -0.486114 -0.413828 -0.36955 -0.336034 -0.24847 -0.187256 -0.124954 -0.0924548 0.0412202 0.0756129 0.0573495 0.0691357 0.0945215 0.154852 0.175349 0.167812 0.177465 0.185884 0.187187 0.185831 0.212935 0.230963 0.236165 0.163763 0.0715052 -0.00948384 -0.0439529 -0.105203 -0.157866 -0.192182 -0.264244 -0.311747 -0.398348 -0.457247 -0.53106 -0.57718 -0.640938 -0.695673 -0.760609 -0.791118 -0.860341 -0.918728 -0.959174 -1.00162 -1.02825 -1.01659 -1.05964 -1.00516 -0.981278 -0.929772 -0.870787 -0.854176 -0.795799 -0.686563 -0.623184 -0.549192 -0.528735 -0.46977 -0.433477 -0.371276 -0.307833 -0.217906 -0.16143 -0.104012 -0.073383 -0.0335918 0.0340085 0.100143 0.164183 0.175394 0.205217 0.198931 0.163806 0.149149 0.194861 0.223547 0.179999 0.191456 0.210188 0.170164 0.136099 0.116134 0.0891168 0.0407641 -0.0133546 -0.140417 -0.190916 -0.275555 -0.325284 -0.383219 -0.460474 -0.548335 -0.643489 -0.758688 -0.836471 -0.823063 -0.831656 -0.814291 -0.753508 -0.724851 -0.68057 -0.608392 -0.594495 -0.52648 -0.482237 -0.455735 -0.366763 -0.300197 -0.216098 -0.105815 
-0.159149 -0.276956 -0.341179 -0.388895 -0.40057 -0.457654 -0.547279 -0.602667 -0.64601 -0.634134 -0.620025 -0.619357 -0.618957 -0.639906 -0.642868 -0.618395 -0.539462 -0.474982 -0.411871 -0.338136 -0.328955 -0.312006 -0.2375 -0.2108 -0.124139 -0.0351878 0.0354969 0.0573495 0.0704683 0.0904096 0.123275 0.169575 0.146466 0.182863 0.184472 0.204434 0.19779 0.231596 0.254113 0.29698 0.289256 0.192059 0.107364 0.0526653 0.000926474 -0.0581737 -0.1255 -0.132488 -0.183512 -0.225927 -0.317249 -0.389317 -0.485188 -0.521226 -0.545641 -0.59214 -0.669187 -0.702523 -0.749134 -0.797405 -0.826493 -0.87186 -0.888382 -0.872227 -0.911027 -0.878326 -0.85745 -0.816747 -0.764315 -0.756645 -0.694822 -0.608038 -0.56125 -0.480072 -0.441724 -0.397678 -0.371477 -0.307324 -0.239149 -0.130763 -0.0791138 -0.0373723 -0.0174444 0.0445588 0.0911609 0.137209 0.195668 0.228864 0.279159 0.27007 0.18909 0.18287 0.18048 0.231096 0.210388 0.227461 0.194181 0.168519 0.136996 0.107495 0.0795913 0.0151188 -0.0564358 -0.133274 -0.21078 -0.285539 -0.303013 -0.35168 -0.411068 -0.50297 -0.61567 -0.705138 -0.786786 -0.828009 -0.818969 -0.799389 -0.744919 -0.718667 -0.680419 -0.636749 -0.622498 -0.56793 -0.508996 -0.438896 -0.358643 -0.306564 -0.230855 -0.138539 
-0.148726 -0.234207 -0.284847 -0.339213 -0.367898 -0.414705 -0.503208 -0.583408 -0.68589 -0.671693 -0.639005 -0.612073 -0.589308 -0.610863 -0.592019 -0.538655 -0.478585 -0.411167 -0.301084 -0.263607 -0.265332 -0.280748 -0.26265 -0.202081 -0.0827117 -0.00744955 0.0341039 0.0691357 0.0904096 0.130064 0.147791 0.19246 0.180716 0.168962 0.181859 0.190027 0.213821 0.252821 0.286013 0.328672 0.307152 0.233131 0.18808 0.115731 0.0355362 -0.031582 -0.0625875 -0.0676563 -0.133076 -0.190927 -0.262518 -0.340447 -0.399027 -0.444734 -0.481072 -0.504973 -0.554974 -0.61392 -0.673195 -0.685677 -0.711182 -0.757792 -0.741976 -0.72234 -0.736404 -0.73511 -0.742041 -0.731781 -0.680078 -0.636239 -0.601265 -0.537196 -0.480924 -0.435089 -0.39738 -0.339742 -0.300593 -0.262787 -0.191103 -0.08694 -0.0098637 0.0449431 0.0667407 0.102582 0.145662 0.190317 0.24987 0.282794 0.321865 0.303722 0.224537 0.183995 0.18126 0.208869 0.234527 0.244988 0.213767 0.190815 0.146959 0.107769 0.0445449 -0.00407753 -0.0696591 -0.150968 -0.204964 -0.26926 -0.311166 -0.326336 -0.348887 -0.442628 -0.51651 -0.643739 -0.734759 -0.754043 -0.777751 -0.771846 -0.73227 -0.712018 -0.673921 -0.651203 -0.6305 -0.526202 -0.461499 -0.382726 -0.321401 -0.269173 -0.17993 -0.11407 
-0.120067 -0.210728 -0.242496 -0.284828 -0.331452 -0.380768 -0.489167 -0.561561 -0.664924 -0.66685 -0.658372 -0.604283 -0.566238 -0.561098 -0.545413 -0.47562 -0.416658 -0.345404 -0.243933 -0.20708 -0.197048 -0.248569 -0.217215 -0.166627 -0.054779 -0.018468 0.0464687 0.0945215 0.123275 0.147791 0.183124 0.21112 0.195683 0.182329 0.187887 0.208414 0.260611 0.28178 0.339594 0.341168 0.365853 0.302623 0.24727 0.151304 0.0723272 0.0261902 -0.0218542 -0.0110417 -0.0516151 -0.101069 -0.174518 -0.247133 -0.311236 -0.363358 -0.423306 -0.431145 -0.458832 -0.513837 -0.574776 -0.613466 -0.608002 -0.55533 -0.54424 -0.494158 -0.515402 -0.526133 -0.584652 -0.608356 -0.622206 -0.581181 -0.511032 -0.459602 -0.41041 -0.357873 -0.348705 -0.286581 -0.236666 -0.173364 -0.0970302 0.00251447 0.0666653 0.108261 0.0984869 0.162331 0.214304 0.249851 0.331146 0.35194 0.406536 0.342313 0.283615 0.224844 0.205317 0.213803 0.220639 0.246051 0.232781 0.192439 0.168472 0.100996 0.0314536 -0.0191862 -0.0682369 -0.158771 -0.176028 -0.246474 -0.254445 -0.296692 -0.313999 -0.390881 -0.460101 -0.55969 -0.671941 -0.70914 -0.717042 -0.709233 -0.691855 -0.68111 -0.709941 -0.656025 -0.602133 -0.502173 -0.432271 -0.357193 -0.290133 -0.216715 -0.148092 -0.0872961 
